10
tas: 7720770.0 1341653.3333333333 1480800.0
cas: 5919210.0 1455620.0 1348106.6666666667
cas-bounded: 2292653.3333333335 1592090.0 429196.6666666667
20
tas: 16715833.333333334 3136900.0 3170080.0
cas: 18941033.333333332 3140373.3333333335 3251346.6666666665
cas-bounded: 4893306.666666667 2993550.0 944229.3333333334
30
tas: 30450166.666666668 4846576.666666667 5007910.0
cas: 32933266.666666668 4922430.0 5173016.666666667
cas-bounded: 8582123.333333334 5908780.0 1360576.6666666667
40
tas: 47087933.333333336 6678213.333333333 7467966.666666667
cas: 50016533.333333336 6896806.666666667 7239663.333333333
cas-bounded: 10098930.0 6706636.666666667 1956473.3333333333
50
tas: 70077466.66666667 8578013.333333334 10106896.666666666
cas: 65173533.333333336 8945430.0 9248920.0
cas-bounded: 12710400.0 8792493.333333334 2651970.0
